============= SIZE 8 ================
240546
204635
187986
181046
184593
178216
176467
184400
187874
193484
176898
182049
183451
181748
179864
195292
181080
183976
181159
180662
181424
176518
173302
173381
180140
179985
179914
176532
179545
175761
172779
171656
172639
172801
176454
179005
177250
186188
176239
179818
============= SIZE 16 ================
269467
197808
188039
182300
179915
179745
177157
178306
176989
176856
176357
176531
176164
178655
176462
176045
183854
178884
176274
175541
175563
175399
174795
176253
175249
175825
175158
174862
175816
174408
173229
174605
174419
174204
172790
173536
173254
173522
173425
184034
============= SIZE 32 ================
355779
301920
294831
292979
304187
290911
289393
288848
288165
287308
287345
287106
287212
286846
285536
285682
285715
293822
287470
287068
287061
288515
287447
286216
287504
285525
285232
286141
286019
286352
285855
296854
288678
285632
286384
285825
284480
285211
286960
285908
============= SIZE 64 ================
381689
308526
300367
299027
296959
297131
294956
296688
294245
293257
292446
292617
295643
303858
294683
293544
292149
295029
295019
293875
294917
297294
296693
296423
292868
293226
305464
295046
293979
292062
292615
294173
293410
293061
292509
294154
292699
292766
292338
291493
============= SIZE 128 ================
423284
358019
350326
347923
343913
346383
345759
342861
343690
341292
352051
342515
341520
341591
340457
340916
339741
342331
340977
339136
339590
349095
345372
341914
340371
341372
339200
339289
337860
338663
339411
338647
340295
351508
341347
340852
337395
339926
338008
338713
============= SIZE 256 ================
645768
537454
527020
524736
522171
539940
524873
522931
519929
517103
518526
520252
517370
526605
520522
517977
518744
516355
515189
519558
524956
521859
519207
518720
522123
520192
520263
521383
539792
517966
517533
515005
515654
516011
515397
513586
534396
518581
517866
513518
============= SIZE 512 ================
1243371
1091244
1116020
1104161
1100420
1099933
1101997
1055051
1098545
1076254
1044769
1088110
1098704
1052495
1039852
1035073
1051677
1070402
1048229
1090226
1081246
1096951
1078011
1084983
1090818
1096834
1084453
1056035
1078432
1084825
1090820
1081294
1099670
1039281
1064779
1061596
1094556
1065324
1021228
1055107
============= SIZE 1024 ================
1264145
1073500
1096693
1065528
1055257
1100918
1049741
1074020
1112013
1102141
1105334
1095644
1100191
1100967
1091193
1079988
1099596
1044473
1091485
1090119
1090884
1052179
1034493
1044437
1101527
1093295
1097911
1057383
1036679
1035031
1066300
1119845
1091169
1021017
1052160
1079692
1071314
1019897
1112680
1062934
============= SIZE 2048 ================
2540133
1713620
1620221
1613260
1650945
1624834
1625888
1623286
1622698
1643925
1624689
1613552
1604424
1598315
1621472
1613418
1642863
1614543
1615002
1624069
1614889
1638676
1607324
1622329
1587785
1606146
1628776
1616599
1637174
1593839
1615122
1615241
1624217
1623240
1607595
1588321
1613726
1591110
1622416
1589020
============= SIZE 4096 ================
6809127
4091624
4034413
4033737
4020518
4030358
4036714
4032785
4028177
4029535
4017812
4019071
4027514
4036805
4020058
4034502
4028837
4031685
4016176
4026490
4018333
4025998
4048712
4030228
4032188
4012862
4016806
4025234
4016491
4024868
4004117
4025292
5479418
4147212
4032008
4039684
4020664
4036850
4031809
4040782
